image_width: 640
image_height: 480
camera_name: depth_PS1080_PrimeSense
camera_matrix:
  rows: 3
  cols: 3
  data: [576.6011839883671, 0, 320.0436040946372, 0, 574.3148961180893, 243.9036183504404, 0, 0, 1]
distortion_model: plumb_bob
distortion_coefficients:
  rows: 1
  cols: 5
  data: [-0.01765007296910577, 0.01356227817867137, -0.0006888886366748768, 0.00440869444100447, 0]
rectification_matrix:
  rows: 3
  cols: 3
  data: [1, 0, 0, 0, 1, 0, 0, 0, 1]
projection_matrix:
  rows: 3
  cols: 4
  data: [573.4542846679688, 0, 322.0444576303635, 0, 0, 572.861083984375, 243.0737930412361, 0, 0, 0, 1, 0]