-2.1879e-18 -0.850651 -0.525731 -0.000206126 
1 1.65476e-17 1.84314e-17 -0.000501975 
0 -0.525731 0.850651 2.59876e-05 
0 0 0 1 
