# oST version 5.0 parameters


[image]

width
640

height
480

[narrow_stereo]

camera matrix
562.257575 0.000000 318.237998
0.000000 561.525801 243.953340
0.000000 0.000000 1.000000

distortion
-0.016162 -0.043987 -0.000795 0.001691 0.000000

rectification
1.000000 0.000000 0.000000
0.000000 1.000000 0.000000
0.000000 0.000000 1.000000

projection
555.694580 0.000000 318.656747 0.000000
0.000000 557.869324 243.243805 0.000000
0.000000 0.000000 1.000000 0.000000


('D = ', [-0.01616208507695272, -0.04398680718020756, -0.000794701667473885, 0.0016910315901911227, 0.0])
('K = ', [562.2575746577747, 0.0, 318.2379975530052, 0.0, 561.5258012697705, 243.95333961390375, 0.0, 0.0, 1.0])
('R = ', [1.0, 0.0, 0.0, 0.0, 1.0, 0.0, 0.0, 0.0, 1.0])
('P = ', [555.694580078125, 0.0, 318.65674670552835, 0.0, 0.0, 557.8693237304688, 243.24380453550657, 0.0, 0.0, 0.0, 1.0, 0.0])
# oST version 5.0 parameters


[image]

width
640

height
480

[narrow_stereo]

camera matrix
562.257575 0.000000 318.237998
0.000000 561.525801 243.953340
0.000000 0.000000 1.000000

distortion
-0.016162 -0.043987 -0.000795 0.001691 0.000000

rectification
1.000000 0.000000 0.000000
0.000000 1.000000 0.000000
0.000000 0.000000 1.000000

projection
555.694580 0.000000 318.656747 0.000000
0.000000 557.869324 243.243805 0.000000
0.000000 0.000000 1.000000 0.000000